$ 1 0.000005 10.20027730826997 50 5 43 5e-11
d 368 208 368 112 2 default
178 448 112 448 240 6 1 0.2 0.032400025520617014 0.05 1000000 0.02 20 0.015 0.005 1
w 368 208 368 240 0
w 368 240 416 240 0
w 368 112 416 112 0
v 288 224 288 144 0 0 40 5 0 0 0.5
w 288 144 288 112 0
w 288 112 368 112 0
g 288 224 288 240 0 0
f 352 320 416 320 32 1.5 0.02
w 416 240 416 304 0
g 416 400 416 432 0 0
w 416 336 416 368 0
v 224 416 224 352 0 0 40 3.3 0 0 0.5
g 224 416 224 432 0 0
v 320 48 416 48 0 0 40 5 0 0 0.5
w 416 48 448 48 0
w 448 48 448 112 0
g 320 48 288 48 0 0
162 464 336 464 400 2 default-led 1 0 0 0.01
r 464 272 464 320 0 220
w 464 240 464 272 0
w 464 320 464 336 0
g 464 416 464 432 0 0
w 464 400 464 416 0
w 416 400 416 368 0
w 320 320 352 320 0
s 256 320 320 320 0 0 false
w 224 352 224 320 0
w 224 320 256 320 0
r 352 320 352 400 0 1000
g 352 400 352 432 0 0
